Case01 (Ts=310.079K Algorithm:GRAYBODY)
wavelength      Lsur     Ldown  emis_est
   8.00592  11.09467   7.23210   1.00114
   8.02425  11.10608   7.59715   1.00114
   8.04267  11.11395   7.99679   1.00114
   8.06117  11.09430   7.61695   1.00114
   8.07976  11.05115   6.90223   1.00114
   8.09843  10.97977   6.00096   0.95564
   8.11719  10.92148   5.46934   0.95564
   8.13604  10.93518   6.07155   0.95564
   8.15497  10.99920   7.27927   0.95564
   8.17399  11.01136   7.68002   0.95564
   8.19310  10.98044   7.44117   0.92068
   8.21230  10.94699   7.17367   0.92068
   8.23159  10.95287   7.25527   0.92068
   8.25097  10.99293   7.65801   0.92068
   8.27045  10.91434   6.93007   0.92068
   8.29001  10.77940   5.70697   0.89926
   8.30967  10.72060   5.20362   0.89926
   8.32941  10.79316   5.77590   0.89926
   8.34926  10.87888   6.47084   0.89926
   8.36920  10.81730   5.94337   0.89926
   8.38923  10.77825   5.56632   0.89309
   8.40936  10.89006   6.40936   0.89309
   8.42958  10.96568   6.93046   0.89309
   8.44991  10.87452   6.08059   0.89309
   8.47033  10.79038   5.36808   0.89309
   8.49085  10.88674   6.10852   0.89314
   8.51147  11.04118   7.24518   0.89314
   8.53219  10.98810   6.69176   0.89314
   8.55301  10.88073   5.68473   0.89314
   8.57393  10.96368   6.09723   0.89314
   8.59495  11.00485   5.96076   0.90560
   8.61608  10.95303   4.99066   0.90560
   8.63731  10.93465   4.68615   0.90560
   8.65865  10.96978   5.31398   0.90560
   8.68009  11.05803   6.40447   0.90560
   8.70164  11.02104   6.32787   0.88268
   8.72329  10.86449   5.24618   0.88268
   8.74506  10.79296   4.77830   0.88268
   8.76693  10.86009   5.29606   0.88268
   8.78891  11.04245   6.63514   0.88268
   8.81100  11.07662   6.86212   0.87704
   8.83320  10.89731   5.52454   0.87704
   8.85552  10.79341   4.74134   0.87704
   8.87794  10.80809   4.76913   0.87704
   8.90048  10.90752   5.39778   0.87704
   8.92314  10.99774   5.96753   0.88195
   8.94591  10.95065   5.50098   0.88195
   8.96879  10.92578   5.21822   0.88195
   8.99180  10.99103   5.65278   0.88195
   9.01492  11.03426   5.95604   0.88195
   9.03816  11.02519   5.91087   0.87795
   9.06152  11.01451   5.86761   0.87795
   9.08500  11.02802   5.99419   0.87795
   9.10861  10.95537   5.52734   0.87795
   9.13233  10.88655   5.10277   0.87795
   9.15618  10.93136   5.45477   0.87064
   9.18016  10.93779   5.51867   0.87064
   9.20426  10.90255   5.29759   0.87064
   9.22848  10.89162   5.26645   0.87064
   9.25284  10.88019   5.22699   0.87064
   9.27732  10.90944   5.42218   0.87252
   9.30193  10.97898   5.85968   0.87252
   9.32668  10.97210   5.74447   0.87252
   9.35155  10.97184   5.64708   0.87252
   9.37656  11.06093   6.12562   0.87252
   9.40170  11.11225   6.32931   0.88704
   9.42698  11.13049   6.38707   0.88704
   9.45239  11.15296   6.54712   0.88704
   9.47794  11.16324   6.61682   0.88704
   9.50363  11.17811   6.70219   0.88704
   9.52946  11.15936   6.53645   0.89091
   9.55542  11.09004   5.99964   0.89091
   9.58153  11.06605   5.79691   0.89091
   9.60779  11.11318   6.11326   0.89091
   9.63418  11.13860   6.22061   0.89091
   9.66072  11.14304   6.12213   0.90690
   9.68741  11.18911   6.37613   0.90690
   9.71425  11.23294   6.62084   0.90690
   9.74123  11.21654   6.32354   0.90690
   9.76837  11.19278   5.99543   0.90690
   9.79565  11.20630   6.07020   0.91941
   9.82309  11.23190   6.29756   0.91941
   9.85068  11.23775   6.35217   0.91941
   9.87843  11.22952   6.25575   0.91941
   9.90633  11.21213   6.03622   0.91941
   9.93440  11.18676   5.74763   0.92840
   9.96262  11.18231   5.67062   0.92840
   9.99100  11.19530   5.73217   0.92840
  10.01954  11.19702   5.64518   0.92840
  10.04825  11.19113   5.47571   0.92840
  10.07712  11.19516   5.42242   0.94226
  10.10615  11.20141   5.42364   0.94226
  10.13536  11.20823   5.45946   0.94226
  10.16473  11.21923   5.53690   0.94226
  10.19428  11.23106   5.64502   0.94226
  10.22399  11.25268   5.94054   0.95677
  10.25388  11.27231   6.23750   0.95677
  10.28395  11.26676   6.18161   0.95677
  10.31419  11.25078   5.96889   0.95677
  10.34461  11.24030   5.84514   0.95677
  10.37521  11.22638   5.73504   0.96291
  10.40599  11.21330   5.70560   0.96291
  10.43695  11.20990   5.86531   0.96291
  10.46810  11.20433   6.04993   0.96291
  10.49943  11.18715   6.06668   0.96291
  10.53095  11.17378   6.15996   0.96289
  10.56267  11.15683   6.19782   0.96289
  10.59457  11.12614   5.99896   0.96289
  10.62666  11.09809   5.89059   0.96289
  10.65895  11.07246   5.83825   0.96289
  10.69144  11.04964   5.80675   0.95996
  10.72413  11.03178   5.86680   0.95996
  10.75701  11.01203   5.96590   0.95996
  10.79010  10.99295   6.16346   0.95996
  10.82339  10.97583   6.42493   0.95996
  10.85689  10.94782   6.39632   0.95532
  10.89059  10.91049   6.13727   0.95532
  10.92450  10.87954   6.03813   0.95532
  10.95863  10.86142   6.21221   0.95532
  10.99297  10.84873   6.51877   0.95532
  11.02752  10.82268   6.45747   0.95463
  11.06230  10.78512   6.09982   0.95463
  11.09729  10.75423   5.97311   0.95463
  11.13250  10.73185   6.03212   0.95463
  11.16794  10.70868   6.05494   0.95463
  11.20360  10.68628   6.19874   0.95306
  11.23949  10.66871   6.53304   0.95306
  11.27562  10.64634   6.67605   0.95306
  11.31197  10.61474   6.55763   0.95306
  11.34856  10.58293   6.48953   0.95306
  11.38538  10.55120   6.41479   0.95270
  11.42245  10.51896   6.30821   0.95270
  11.45976  10.49366   6.39735   0.95270
  11.49731  10.46688   6.45338   0.95270
  11.53511  10.43662   6.46199   0.95270
  11.57316  10.40689   6.45151   0.95188
  11.61146  10.37428   6.31164   0.95188
  11.65001  10.34450   6.39660   0.95188
  11.68882  10.32471   6.92274   0.95188
  11.72789  10.30139   7.29844   0.95188
  11.76722  10.25843   6.95369   0.95053
  11.80681  10.21113   6.44080   0.95053
  11.84667  10.17499   6.38099   0.95053
  11.88680  10.14659   6.63745   0.95053
  11.92721  10.11368   6.64197   0.95053
  11.96789  10.07520   6.42383   0.95152
  12.00884  10.03910   6.33689   0.95152
  12.05008  10.00820   6.51667   0.95152
  12.09160   9.97714   6.73351   0.95152
  12.13341   9.94026   6.57764   0.95152
  12.17551   9.90366   6.32694   0.95308
  12.21790   9.86953   6.39453   0.95308
  12.26059   9.83740   6.71018   0.95308
  12.30357   9.80145   6.78702   0.95308
  12.34686   9.75843   6.72171   0.95308
  12.39045   9.71128   6.89423   0.93372
  12.43436   9.65973   7.05238   0.93372
  12.47857   9.61327   7.20056   0.93372
  12.52310   9.58003   7.54517   0.93372
  12.56794   9.54620   7.65166   0.93372
  12.61311   9.50116   7.22473   0.93483
  12.65861   9.45080   6.72758   0.93483
  12.70443   9.40572   6.74400   0.93483
  12.75059   9.36027   6.96229   0.93483
  12.79708   9.31241   6.91747   0.93483
  12.84391   9.28089   7.07609   0.93594
  12.89109   9.24868   7.14196   0.93594
  12.93861   9.20459   6.89240   0.93594
  12.98648   9.16782   6.90910   0.93594
  13.03471   9.13008   6.89045   0.93594
  13.08330   9.08847   6.74144   0.94618
  13.13225   9.05150   6.77882   0.94618
  13.18157   9.01469   6.95323   0.94618
  13.23126   8.97898   7.26722   0.94618
  13.28133   8.94083   7.45030   0.94618
  13.33177   8.89695   7.38200   0.94380
  13.38260   8.85334   7.40291   0.94380
  13.43382   8.81093   7.55646   0.94380
  13.48544   8.76800   7.62763   0.94380
  13.53744   8.72196   7.52649   0.94380
  13.58986   8.67431   7.40111   0.95507
  13.64268   8.63076   7.41477   0.95507
  13.69591   8.58681   7.45806   0.95507
  13.74955   8.53736   7.34165   0.95507
  13.80362   8.48791   7.21776   0.95507
  13.85812   8.43947   7.31307   0.95982
  13.91304   8.39316   7.40812   0.95982
  13.96840   8.34875   7.35626   0.95982

Case02 (Ts=310.110K Algorithm:ISSTES)
wavelength      Lsur     Ldown  emis_est
   8.00592  11.09467   7.23210   1.01148
   8.02425  11.10608   7.59715   1.01003
   8.04267  11.11395   7.99679   1.00729
   8.06117  11.09430   7.61695   0.99514
   8.07976  11.05115   6.90223   0.98113
   8.09843  10.97977   6.00096   0.96688
   8.11719  10.92148   5.46934   0.95649
   8.13604  10.93518   6.07155   0.95052
   8.15497  10.99920   7.27927   0.94710
   8.17399  11.01136   7.68002   0.93965
   8.19310  10.98044   7.44117   0.93084
   8.21230  10.94699   7.17367   0.92313
   8.23159  10.95287   7.25527   0.91901
   8.25097  10.99293   7.65801   0.91670
   8.27045  10.91434   6.93007   0.90906
   8.29001  10.77940   5.70697   0.90214
   8.30967  10.72060   5.20362   0.89818
   8.32941  10.79316   5.77590   0.89815
   8.34926  10.87888   6.47084   0.89829
   8.36920  10.81730   5.94337   0.89428
   8.38923  10.77825   5.56632   0.89209
   8.40936  10.89006   6.40936   0.89358
   8.42958  10.96568   6.93046   0.89516
   8.44991  10.87452   6.08059   0.89239
   8.47033  10.79038   5.36808   0.88911
   8.49085  10.88674   6.10852   0.88949
   8.51147  11.04118   7.24518   0.89348
   8.53219  10.98810   6.69176   0.89227
   8.55301  10.88073   5.68473   0.89051
   8.57393  10.96368   6.09723   0.89542
   8.59495  11.00485   5.96076   0.90341
   8.61608  10.95303   4.99066   0.90816
   8.63731  10.93465   4.68615   0.90804
   8.65865  10.96978   5.31398   0.90282
   8.68009  11.05803   6.40447   0.89752
   8.70164  11.02104   6.32787   0.89021
   8.72329  10.86449   5.24618   0.88285
   8.74506  10.79296   4.77830   0.87915
   8.76693  10.86009   5.29606   0.87855
   8.78891  11.04245   6.63514   0.88090
   8.81100  11.07662   6.86212   0.88078
   8.83320  10.89731   5.52454   0.87634
   8.85552  10.79341   4.74134   0.87430
   8.87794  10.80809   4.76913   0.87495
   8.90048  10.90752   5.39778   0.87724
   8.92314  10.99774   5.96753   0.87972
   8.94591  10.95065   5.50098   0.88023
   8.96879  10.92578   5.21822   0.88078
   8.99180  10.99103   5.65278   0.88214
   9.01492  11.03426   5.95604   0.88260
   9.03816  11.02519   5.91087   0.88117
   9.06152  11.01451   5.86761   0.87951
   9.08500  11.02802   5.99419   0.87853
   9.10861  10.95537   5.52734   0.87539
   9.13233  10.88655   5.10277   0.87251
   9.15618  10.93136   5.45477   0.87205
   9.18016  10.93779   5.51867   0.87137
   9.20426  10.90255   5.29759   0.86999
   9.22848  10.89162   5.26645   0.86864
   9.25284  10.88019   5.22699   0.86746
   9.27732  10.90944   5.42218   0.86782
   9.30193  10.97898   5.85968   0.86968
   9.32668  10.97210   5.74447   0.87097
   9.35155  10.97184   5.64708   0.87297
   9.37656  11.06093   6.12562   0.87806
   9.40170  11.11225   6.32931   0.88306
   9.42698  11.13049   6.38707   0.88539
   9.45239  11.15296   6.54712   0.88645
   9.47794  11.16324   6.61682   0.88725
   9.50363  11.17811   6.70219   0.88871
   9.52946  11.15936   6.53645   0.88912
   9.55542  11.09004   5.99964   0.88791
   9.58153  11.06605   5.79691   0.88824
   9.60779  11.11318   6.11326   0.89097
   9.63418  11.13860   6.22061   0.89419
   9.66072  11.14304   6.12213   0.89763
   9.68741  11.18911   6.37613   0.90228
   9.71425  11.23294   6.62084   0.90721
   9.74123  11.21654   6.32354   0.91034
   9.76837  11.19278   5.99543   0.91238
   9.79565  11.20630   6.07020   0.91477
   9.82309  11.23190   6.29756   0.91719
   9.85068  11.23775   6.35217   0.91880
   9.87843  11.22952   6.25575   0.92014
   9.90633  11.21213   6.03622   0.92160
   9.93440  11.18676   5.74763   0.92257
   9.96262  11.18231   5.67062   0.92432
   9.99100  11.19530   5.73217   0.92732
  10.01954  11.19702   5.64518   0.93030
  10.04825  11.19113   5.47571   0.93293
  10.07712  11.19516   5.42242   0.93589
  10.10615  11.20141   5.42364   0.93870
  10.13536  11.20823   5.45946   0.94135
  10.16473  11.21923   5.53690   0.94441
  10.19428  11.23106   5.64502   0.94752
  10.22399  11.25268   5.94054   0.95092
  10.25388  11.27231   6.23750   0.95443
  10.28395  11.26676   6.18161   0.95647
  10.31419  11.25078   5.96889   0.95786
  10.34461  11.24030   5.84514   0.95956
  10.37521  11.22638   5.73504   0.96057
  10.40599  11.21330   5.70560   0.96124
  10.43695  11.20990   5.86531   0.96242
  10.46810  11.20433   6.04993   0.96319
  10.49943  11.18715   6.06668   0.96306
  10.53095  11.17378   6.15996   0.96319
  10.56267  11.15683   6.19782   0.96312
  10.59457  11.12614   5.99896   0.96219
  10.62666  11.09809   5.89059   0.96124
  10.65895  11.07246   5.83825   0.96044
  10.69144  11.04964   5.80675   0.96010
  10.72413  11.03178   5.86680   0.96007
  10.75701  11.01203   5.96590   0.95947
  10.79010  10.99295   6.16346   0.95826
  10.82339  10.97583   6.42493   0.95686
  10.85689  10.94782   6.39632   0.95581
  10.89059  10.91049   6.13727   0.95508
  10.92450  10.87954   6.03813   0.95432
  10.95863  10.86142   6.21221   0.95369
  10.99297  10.84873   6.51877   0.95294
  11.02752  10.82268   6.45747   0.95310
  11.06230  10.78512   6.09982   0.95382
  11.09729  10.75423   5.97311   0.95377
  11.13250  10.73185   6.03212   0.95379
  11.16794  10.70868   6.05494   0.95409
  11.20360  10.68628   6.19874   0.95347
  11.23949  10.66871   6.53304   0.95195
  11.27562  10.64634   6.67605   0.95139
  11.31197  10.61474   6.55763   0.95173
  11.34856  10.58293   6.48953   0.95156
  11.38538  10.55120   6.41479   0.95157
  11.42245  10.51896   6.30821   0.95192
  11.45976  10.49366   6.39735   0.95179
  11.49731  10.46688   6.45338   0.95179
  11.53511  10.43662   6.46199   0.95161
  11.57316  10.40689   6.45151   0.95187
  11.61146  10.37428   6.31164   0.95301
  11.65001  10.34450   6.39660   0.95240
  11.68882  10.32471   6.92274   0.94871
  11.72789  10.30139   7.29844   0.94534
  11.76722  10.25843   6.95369   0.94766
  11.80681  10.21113   6.44080   0.95075
  11.84667  10.17499   6.38099   0.95076
  11.88680  10.14659   6.63745   0.94876
  11.92721  10.11368   6.64197   0.94898
  11.96789  10.07520   6.42383   0.95082
  12.00884  10.03910   6.33689   0.95160
  12.05008  10.00820   6.51667   0.95043
  12.09160   9.97714   6.73351   0.94863
  12.13341   9.94026   6.57764   0.95064
  12.17551   9.90366   6.32694   0.95390
  12.21790   9.86953   6.39453   0.95383
  12.26059   9.83740   6.71018   0.95100
  12.30357   9.80145   6.78702   0.95035
  12.34686   9.75843   6.72171   0.94981
  12.39045   9.71128   6.89423   0.94397
  12.43436   9.65973   7.05238   0.93612
  12.47857   9.61327   7.20056   0.92944
  12.52310   9.58003   7.54517   0.92091
  12.56794   9.54620   7.65166   0.91919
  12.61311   9.50116   7.22473   0.93082
  12.65861   9.45080   6.72758   0.93906
  12.70443   9.40572   6.74400   0.93712
  12.75059   9.36027   6.96229   0.93001
  12.79708   9.31241   6.91747   0.92853
  12.84391   9.28089   7.07609   0.92782
  12.89109   9.24868   7.14196   0.92982
  12.93861   9.20459   6.89240   0.93604
  12.98648   9.16782   6.90910   0.93800
  13.03471   9.13008   6.89045   0.94069
  13.08330   9.08847   6.74144   0.94499
  13.13225   9.05150   6.77882   0.94706
  13.18157   9.01469   6.95323   0.94631
  13.23126   8.97898   7.26722   0.94200
  13.28133   8.94083   7.45030   0.93952
  13.33177   8.89695   7.38200   0.94282
  13.38260   8.85334   7.40291   0.94329
  13.43382   8.81093   7.55646   0.93935
  13.48544   8.76800   7.62763   0.93831
  13.53744   8.72196   7.52649   0.94339
  13.58986   8.67431   7.40111   0.94804
  13.64268   8.63076   7.41477   0.95043
  13.69591   8.58681   7.45806   0.95182
  13.74955   8.53736   7.34165   0.95523
  13.80362   8.48791   7.21776   0.95875
  13.85812   8.43947   7.31307   0.95592
  13.91304   8.39316   7.40812   0.95463
  13.96840   8.34875   7.35626   0.96173

Case03 (Ts=310.411K Algorithm:LECTES)
wavelength      Lsur     Ldown  emis_est
   8.00592  11.09467   7.23210   0.99775
   8.02425  11.10608   7.59715   0.99059
   8.04267  11.11395   7.99679   0.98340
   8.06117  11.09430   7.61695   0.97618
   8.07976  11.05115   6.90223   0.96892
   8.09843  10.97977   6.00096   0.95463
   8.11719  10.92148   5.46934   0.94693
   8.13604  10.93518   6.07155   0.93919
   8.15497  10.99920   7.27927   0.93142
   8.17399  11.01136   7.68002   0.92361
   8.19310  10.98044   7.44117   0.91485
   8.21230  10.94699   7.17367   0.91021
   8.23159  10.95287   7.25527   0.90555
   8.25097  10.99293   7.65801   0.90087
   8.27045  10.91434   6.93007   0.89617
   8.29001  10.77940   5.70697   0.89180
   8.30967  10.72060   5.20362   0.88999
   8.32941  10.79316   5.77590   0.88818
   8.34926  10.87888   6.47084   0.88636
   8.36920  10.81730   5.94337   0.88453
   8.38923  10.77825   5.56632   0.88324
   8.40936  10.89006   6.40936   0.88268
   8.42958  10.96568   6.93046   0.88210
   8.44991  10.87452   6.08059   0.88153
   8.47033  10.79038   5.36808   0.88095
   8.49085  10.88674   6.10852   0.87903
   8.51147  11.04118   7.24518   0.88028
   8.53219  10.98810   6.69176   0.88153
   8.55301  10.88073   5.68473   0.88279
   8.57393  10.96368   6.09723   0.88405
   8.59495  11.00485   5.96076   0.89936
   8.61608  10.95303   4.99066   0.89755
   8.63731  10.93465   4.68615   0.89574
   8.65865  10.96978   5.31398   0.89391
   8.68009  11.05803   6.40447   0.89208
   8.70164  11.02104   6.32787   0.87774
   8.72329  10.86449   5.24618   0.87538
   8.74506  10.79296   4.77830   0.87301
   8.76693  10.86009   5.29606   0.87063
   8.78891  11.04245   6.63514   0.86823
   8.81100  11.07662   6.86212   0.86814
   8.83320  10.89731   5.52454   0.86806
   8.85552  10.79341   4.74134   0.86798
   8.87794  10.80809   4.76913   0.86790
   8.90048  10.90752   5.39778   0.86781
   8.92314  10.99774   5.96753   0.87100
   8.94591  10.95065   5.50098   0.87176
   8.96879  10.92578   5.21822   0.87253
   8.99180  10.99103   5.65278   0.87330
   9.01492  11.03426   5.95604   0.87407
   9.03816  11.02519   5.91087   0.87264
   9.06152  11.01451   5.86761   0.87080
   9.08500  11.02802   5.99419   0.86895
   9.10861  10.95537   5.52734   0.86708
   9.13233  10.88655   5.10277   0.86521
   9.15618  10.93136   5.45477   0.86421
   9.18016  10.93779   5.51867   0.86314
   9.20426  10.90255   5.29759   0.86207
   9.22848  10.89162   5.26645   0.86099
   9.25284  10.88019   5.22699   0.85991
   9.27732  10.90944   5.42218   0.85928
   9.30193  10.97898   5.85968   0.86143
   9.32668  10.97210   5.74447   0.86358
   9.35155  10.97184   5.64708   0.86575
   9.37656  11.06093   6.12562   0.86793
   9.40170  11.11225   6.32931   0.87438
   9.42698  11.13049   6.38707   0.87552
   9.45239  11.15296   6.54712   0.87667
   9.47794  11.16324   6.61682   0.87783
   9.50363  11.17811   6.70219   0.87899
   9.52946  11.15936   6.53645   0.87832
   9.55542  11.09004   5.99964   0.87975
   9.58153  11.06605   5.79691   0.88120
   9.60779  11.11318   6.11326   0.88265
   9.63418  11.13860   6.22061   0.88411
   9.66072  11.14304   6.12213   0.88929
   9.68741  11.18911   6.37613   0.89303
   9.71425  11.23294   6.62084   0.89680
   9.74123  11.21654   6.32354   0.90059
   9.76837  11.19278   5.99543   0.90440
   9.79565  11.20630   6.07020   0.90615
   9.82309  11.23190   6.29756   0.90781
   9.85068  11.23775   6.35217   0.90949
   9.87843  11.22952   6.25575   0.91118
   9.90633  11.21213   6.03622   0.91288
   9.93440  11.18676   5.74763   0.91384
   9.96262  11.18231   5.67062   0.91656
   9.99100  11.19530   5.73217   0.91930
  10.01954  11.19702   5.64518   0.92204
  10.04825  11.19113   5.47571   0.92481
  10.07712  11.19516   5.42242   0.92795
  10.10615  11.20141   5.42364   0.93073
  10.13536  11.20823   5.45946   0.93354
  10.16473  11.21923   5.53690   0.93636
  10.19428  11.23106   5.64502   0.93919
  10.22399  11.25268   5.94054   0.94270
  10.25388  11.27231   6.23750   0.94482
  10.28395  11.26676   6.18161   0.94696
  10.31419  11.25078   5.96889   0.94910
  10.34461  11.24030   5.84514   0.95126
  10.37521  11.22638   5.73504   0.95238
  10.40599  11.21330   5.70560   0.95292
  10.43695  11.20990   5.86531   0.95346
  10.46810  11.20433   6.04993   0.95401
  10.49943  11.18715   6.06668   0.95457
  10.53095  11.17378   6.15996   0.95438
  10.56267  11.15683   6.19782   0.95382
  10.59457  11.12614   5.99896   0.95325
  10.62666  11.09809   5.89059   0.95268
  10.65895  11.07246   5.83825   0.95211
  10.69144  11.04964   5.80675   0.95227
  10.72413  11.03178   5.86680   0.95123
  10.75701  11.01203   5.96590   0.95018
  10.79010  10.99295   6.16346   0.94913
  10.82339  10.97583   6.42493   0.94807
  10.85689  10.94782   6.39632   0.94681
  10.89059  10.91049   6.13727   0.94605
  10.92450  10.87954   6.03813   0.94529
  10.95863  10.86142   6.21221   0.94453
  10.99297  10.84873   6.51877   0.94376
  11.02752  10.82268   6.45747   0.94422
  11.06230  10.78512   6.09982   0.94455
  11.09729  10.75423   5.97311   0.94489
  11.13250  10.73185   6.03212   0.94524
  11.16794  10.70868   6.05494   0.94558
  11.20360  10.68628   6.19874   0.94361
  11.23949  10.66871   6.53304   0.94306
  11.27562  10.64634   6.67605   0.94249
  11.31197  10.61474   6.55763   0.94193
  11.34856  10.58293   6.48953   0.94136
  11.38538  10.55120   6.41479   0.94245
  11.42245  10.51896   6.30821   0.94238
  11.45976  10.49366   6.39735   0.94231
  11.49731  10.46688   6.45338   0.94225
  11.53511  10.43662   6.46199   0.94218
  11.57316  10.40689   6.45151   0.94461
  11.61146  10.37428   6.31164   0.94245
  11.65001  10.34450   6.39660   0.94027
  11.68882  10.32471   6.92274   0.93807
  11.72789  10.30139   7.29844   0.93587
  11.76722  10.25843   6.95369   0.93929
  11.80681  10.21113   6.44080   0.93936
  11.84667  10.17499   6.38099   0.93944
  11.88680  10.14659   6.63745   0.93952
  11.92721  10.11368   6.64197   0.93961
  11.96789  10.07520   6.42383   0.94155
  12.00884  10.03910   6.33689   0.94101
  12.05008  10.00820   6.51667   0.94046
  12.09160   9.97714   6.73351   0.93991
  12.13341   9.94026   6.57764   0.93936
  12.17551   9.90366   6.32694   0.94448
  12.21790   9.86953   6.39453   0.94293
  12.26059   9.83740   6.71018   0.94138
  12.30357   9.80145   6.78702   0.93981
  12.34686   9.75843   6.72171   0.93823
  12.39045   9.71128   6.89423   0.93188
  12.43436   9.65973   7.05238   0.92426
  12.47857   9.61327   7.20056   0.91658
  12.52310   9.58003   7.54517   0.90884
  12.56794   9.54620   7.65166   0.90105
  12.61311   9.50116   7.22473   0.92459
  12.65861   9.45080   6.72758   0.92308
  12.70443   9.40572   6.74400   0.92156
  12.75059   9.36027   6.96229   0.92003
  12.79708   9.31241   6.91747   0.91848
  12.84391   9.28089   7.07609   0.91451
  12.89109   9.24868   7.14196   0.91799
  12.93861   9.20459   6.89240   0.92149
  12.98648   9.16782   6.90910   0.92502
  13.03471   9.13008   6.89045   0.92857
  13.08330   9.08847   6.74144   0.93511
  13.13225   9.05150   6.77882   0.93235
  13.18157   9.01469   6.95323   0.92957
  13.23126   8.97898   7.26722   0.92677
  13.28133   8.94083   7.45030   0.92395
  13.33177   8.89695   7.38200   0.92439
  13.38260   8.85334   7.40291   0.92272
  13.43382   8.81093   7.55646   0.92103
  13.48544   8.76800   7.62763   0.91933
  13.53744   8.72196   7.52649   0.91761
  13.58986   8.67431   7.40111   0.92613
  13.64268   8.63076   7.41477   0.92875
  13.69591   8.58681   7.45806   0.93140
  13.74955   8.53736   7.34165   0.93407
  13.80362   8.48791   7.21776   0.93675
  13.85812   8.43947   7.31307   0.93168
  13.91304   8.39316   7.40812   0.93296
  13.96840   8.34875   7.35626   0.93425

Case04 (Ts=310.320K Algorithm:I-LECTES)
wavelength      Lsur     Ldown  emis_est
   8.00592  11.09467   7.23210   1.00541
   8.02425  11.10608   7.59715   0.99633
   8.04267  11.11395   7.99679   0.98722
   8.06117  11.09430   7.61695   0.97806
   8.07976  11.05115   6.90223   0.96886
   8.09843  10.97977   6.00096   0.95962
   8.11719  10.92148   5.46934   0.95164
   8.13604  10.93518   6.07155   0.94363
   8.15497  10.99920   7.27927   0.93557
   8.17399  11.01136   7.68002   0.92748
   8.19310  10.98044   7.44117   0.91935
   8.21230  10.94699   7.17367   0.91442
   8.23159  10.95287   7.25527   0.90947
   8.25097  10.99293   7.65801   0.90450
   8.27045  10.91434   6.93007   0.89950
   8.29001  10.77940   5.70697   0.89448
   8.30967  10.72060   5.20362   0.89300
   8.32941  10.79316   5.77590   0.89151
   8.34926  10.87888   6.47084   0.89001
   8.36920  10.81730   5.94337   0.88851
   8.38923  10.77825   5.56632   0.88699
   8.40936  10.89006   6.40936   0.88556
   8.42958  10.96568   6.93046   0.88412
   8.44991  10.87452   6.08059   0.88268
   8.47033  10.79038   5.36808   0.88123
   8.49085  10.88674   6.10852   0.87977
   8.51147  11.04118   7.24518   0.88385
   8.53219  10.98810   6.69176   0.88796
   8.55301  10.88073   5.68473   0.89208
   8.57393  10.96368   6.09723   0.89622
   8.59495  11.00485   5.96076   0.90039
   8.61608  10.95303   4.99066   0.89739
   8.63731  10.93465   4.68615   0.89439
   8.65865  10.96978   5.31398   0.89137
   8.68009  11.05803   6.40447   0.88833
   8.70164  11.02104   6.32787   0.88528
   8.72329  10.86449   5.24618   0.88179
   8.74506  10.79296   4.77830   0.87827
   8.76693  10.86009   5.29606   0.87474
   8.78891  11.04245   6.63514   0.87119
   8.81100  11.07662   6.86212   0.86763
   8.83320  10.89731   5.52454   0.86875
   8.85552  10.79341   4.74134   0.86988
   8.87794  10.80809   4.76913   0.87102
   8.90048  10.90752   5.39778   0.87216
   8.92314  10.99774   5.96753   0.87331
   8.94591  10.95065   5.50098   0.87384
   8.96879  10.92578   5.21822   0.87438
   8.99180  10.99103   5.65278   0.87493
   9.01492  11.03426   5.95604   0.87547
   9.03816  11.02519   5.91087   0.87602
   9.06152  11.01451   5.86761   0.87407
   9.08500  11.02802   5.99419   0.87211
   9.10861  10.95537   5.52734   0.87014
   9.13233  10.88655   5.10277   0.86816
   9.15618  10.93136   5.45477   0.86617
   9.18016  10.93779   5.51867   0.86512
   9.20426  10.90255   5.29759   0.86406
   9.22848  10.89162   5.26645   0.86300
   9.25284  10.88019   5.22699   0.86193
   9.27732  10.90944   5.42218   0.86086
   9.30193  10.97898   5.85968   0.86386
   9.32668  10.97210   5.74447   0.86688
   9.35155  10.97184   5.64708   0.86992
   9.37656  11.06093   6.12562   0.87297
   9.40170  11.11225   6.32931   0.87604
   9.42698  11.13049   6.38707   0.87706
   9.45239  11.15296   6.54712   0.87809
   9.47794  11.16324   6.61682   0.87913
   9.50363  11.17811   6.70219   0.88017
   9.52946  11.15936   6.53645   0.88122
   9.55542  11.09004   5.99964   0.88311
   9.58153  11.06605   5.79691   0.88500
   9.60779  11.11318   6.11326   0.88691
   9.63418  11.13860   6.22061   0.88882
   9.66072  11.14304   6.12213   0.89075
   9.68741  11.18911   6.37613   0.89457
   9.71425  11.23294   6.62084   0.89841
   9.74123  11.21654   6.32354   0.90228
   9.76837  11.19278   5.99543   0.90616
   9.79565  11.20630   6.07020   0.91007
   9.82309  11.23190   6.29756   0.91132
   9.85068  11.23775   6.35217   0.91257
   9.87843  11.22952   6.25575   0.91383
   9.90633  11.21213   6.03622   0.91510
   9.93440  11.18676   5.74763   0.91637
   9.96262  11.18231   5.67062   0.91907
   9.99100  11.19530   5.73217   0.92179
  10.01954  11.19702   5.64518   0.92451
  10.04825  11.19113   5.47571   0.92726
  10.07712  11.19516   5.42242   0.93002
  10.10615  11.20141   5.42364   0.93303
  10.13536  11.20823   5.45946   0.93606
  10.16473  11.21923   5.53690   0.93911
  10.19428  11.23106   5.64502   0.94217
  10.22399  11.25268   5.94054   0.94526
  10.25388  11.27231   6.23750   0.94728
  10.28395  11.26676   6.18161   0.94931
  10.31419  11.25078   5.96889   0.95135
  10.34461  11.24030   5.84514   0.95340
  10.37521  11.22638   5.73504   0.95547
  10.40599  11.21330   5.70560   0.95579
  10.43695  11.20990   5.86531   0.95611
  10.46810  11.20433   6.04993   0.95644
  10.49943  11.18715   6.06668   0.95676
  10.53095  11.17378   6.15996   0.95709
  10.56267  11.15683   6.19782   0.95660
  10.59457  11.12614   5.99896   0.95611
  10.62666  11.09809   5.89059   0.95561
  10.65895  11.07246   5.83825   0.95511
  10.69144  11.04964   5.80675   0.95460
  10.72413  11.03178   5.86680   0.95358
  10.75701  11.01203   5.96590   0.95254
  10.79010  10.99295   6.16346   0.95150
  10.82339  10.97583   6.42493   0.95045
  10.85689  10.94782   6.39632   0.94940
  10.89059  10.91049   6.13727   0.94891
  10.92450  10.87954   6.03813   0.94841
  10.95863  10.86142   6.21221   0.94792
  10.99297  10.84873   6.51877   0.94741
  11.02752  10.82268   6.45747   0.94691
  11.06230  10.78512   6.09982   0.94695
  11.09729  10.75423   5.97311   0.94698
  11.13250  10.73185   6.03212   0.94702
  11.16794  10.70868   6.05494   0.94706
  11.20360  10.68628   6.19874   0.94710
  11.23949  10.66871   6.53304   0.94656
  11.27562  10.64634   6.67605   0.94601
  11.31197  10.61474   6.55763   0.94547
  11.34856  10.58293   6.48953   0.94492
  11.38538  10.55120   6.41479   0.94436
  11.42245  10.51896   6.30821   0.94468
  11.45976  10.49366   6.39735   0.94499
  11.49731  10.46688   6.45338   0.94531
  11.53511  10.43662   6.46199   0.94563
  11.57316  10.40689   6.45151   0.94595
  11.61146  10.37428   6.31164   0.94497
  11.65001  10.34450   6.39660   0.94398
  11.68882  10.32471   6.92274   0.94298
  11.72789  10.30139   7.29844   0.94198
  11.76722  10.25843   6.95369   0.94097
  11.80681  10.21113   6.44080   0.94138
  11.84667  10.17499   6.38099   0.94179
  11.88680  10.14659   6.63745   0.94220
  11.92721  10.11368   6.64197   0.94261
  11.96789  10.07520   6.42383   0.94303
  12.00884  10.03910   6.33689   0.94384
  12.05008  10.00820   6.51667   0.94466
  12.09160   9.97714   6.73351   0.94548
  12.13341   9.94026   6.57764   0.94631
  12.17551   9.90366   6.32694   0.94715
  12.21790   9.86953   6.39453   0.94452
  12.26059   9.83740   6.71018   0.94188
  12.30357   9.80145   6.78702   0.93922
  12.34686   9.75843   6.72171   0.93653
  12.39045   9.71128   6.89423   0.93383
  12.43436   9.65973   7.05238   0.93114
  12.47857   9.61327   7.20056   0.92842
  12.52310   9.58003   7.54517   0.92569
  12.56794   9.54620   7.65166   0.92293
  12.61311   9.50116   7.22473   0.92016
  12.65861   9.45080   6.72758   0.92041
  12.70443   9.40572   6.74400   0.92066
  12.75059   9.36027   6.96229   0.92091
  12.79708   9.31241   6.91747   0.92117
  12.84391   9.28089   7.07609   0.92142
  12.89109   9.24868   7.14196   0.92444
  12.93861   9.20459   6.89240   0.92748
  12.98648   9.16782   6.90910   0.93054
  13.03471   9.13008   6.89045   0.93362
  13.08330   9.08847   6.74144   0.93673
  13.13225   9.05150   6.77882   0.93502
  13.18157   9.01469   6.95323   0.93329
  13.23126   8.97898   7.26722   0.93156
  13.28133   8.94083   7.45030   0.92981
  13.33177   8.89695   7.38200   0.92804
  13.38260   8.85334   7.40291   0.92849
  13.43382   8.81093   7.55646   0.92894
  13.48544   8.76800   7.62763   0.92940
  13.53744   8.72196   7.52649   0.92985
  13.58986   8.67431   7.40111   0.93032
  13.64268   8.63076   7.41477   0.93288
  13.69591   8.58681   7.45806   0.93546
  13.74955   8.53736   7.34165   0.93806
  13.80362   8.48791   7.21776   0.94068
  13.85812   8.43947   7.31307   0.94332
  13.91304   8.39316   7.40812   0.94217
  13.96840   8.34875   7.35626   0.94101

